58	117.649081	39.007936	117.649081	39.007936	塘沽
64	109.490997	42.427159	111.059637	40.384758	包头
66	87.256412	44.034876	88.331743	43.364209	乌鲁木齐
88	113.896208	23.908614	115.343633	22.621766	惠州
95	112.924992	23.217612	113.282299	22.682819	佛山
98	119.064002	33.371303	119.816025	32.257563	扬州
101	122.330629	41.533232	123.635457	40.065279	鞍山
102	97.013316	33.006239	97.013316	33.006239	阿坝
103	81.156013147807	40.349444	81.156013147807	40.349444	阿克苏
104	113.647512	41.207066	113.647512	41.207066	阿拉善
105	87.926214	47.890135	87.926214	47.890135	阿勒泰
106	81.107668	30.404556	81.107668	30.404556	阿里
107	108.233067	33.76767	109.710711	31.766376	安康
108	115.943656	31.078396	117.514358	30.126343	安庆
109	105.620044	26.498767	106.276166	25.762442	安顺
110	114.099544	36.250576	114.754463	35.341336	安阳
113	122.386532	45.871942	124.309291	44.750873	白城
114	105.346452	24.819431	107.749131	22.879754	百色
115	126.403776	42.41199	128.217929	41.417282	白山
116	104.048435	37.367636	105.069079	35.687656	白银
117	106.524069	35.076217	108.01477	33.712229	宝鸡
118	98.415226	25.451148	99.634129	24.594348	保山
119	106.398471	41.582294	109.62469	40.333368	巴彦淖尔
120	106.496531	32.398864	107.289387	31.558139	巴中
121	106.739266	31.785302	106.739266	31.785302	巴州
122	109.077639	21.753806	109.75002	21.414679	北海
123	117.124077	33.330236	117.904372	32.752094	蚌埠
124	123.650163	41.527589	125.638173	40.852559	本溪
125	105.274678	27.3298	105.394352	27.268092	毕节
126	117.388369	38.075834	118.251554	36.716794	滨州
127	82.0524362	44.913651	82.0524362	44.913651	博尔塔拉
128	115.761461	33.915578	116.580973	33.008065	亳州
130	117.074296	44.247392	120.811917	41.577168	赤峰
131	115.821677	38.887663	117.789526	37.615957	沧州
132	110.783743	29.945525	112.246304	28.686064	常德
133	97.183305	31.150447	97.187038	31.137744	昌都
134	87.144567	44.156414	87.53051	43.735925	昌吉
135	112.151912	36.892612	113.515535	35.9286	长治
136	117.208123	31.985243	118.376018	31.247924	巢湖
137	119.083569	42.081619	121.194249	40.688591	朝阳
138	116.561772	24.198234	117.118202	23.452587	潮州
139	116.649466	41.697758	118.888164	40.374295	承德
140	112.253148	26.789495	114.056979	25.079156	郴州
141	116.708531	30.772716	118.020174	29.609241	池州
142	106.595784	23.247923	107.924387	21.765555	崇左
143	101.389041	25.134999	101.627034	25.010722	楚雄
144	117.272631	32.933265	119.199506	32.02273	滁州
145	124.453375	47.243383	125.292145	45.536174	大庆
147	118.236544	37.944911	118.869549	36.978263	东营
148	100.158083	25.717	100.335832	25.542138	大理
149	123.523667	41.038705	125.636469	39.805921	丹东
150	112.703578	40.432196	114.406104	39.302489	大同
151	124.196104	51.991788	124.196104	51.991788	大兴安岭
152	106.974415	32.13908	108.060982	30.715824	达州
153	98.5894342	24.441239	98.5894342	24.441239	德宏
154	104.021462	31.422284	105.06096	30.624658	德阳
155	115.981712	37.822432	117.431927	36.559727	德州
156	103.842035	35.645922	104.686086	34.332808	定西
157	99.7136815	27.831029	99.7136815	27.831029	迪庆
158	106.762808	40.498791	111.263686	37.708112	鄂尔多斯
159	109.471953	30.597501	109.790973	30.229651	恩施
160	114.670994	30.542822	115.021858	30.173796	鄂州
161	123.723421	42.380108	125.324877	41.384443	抚顺
162	107.6867	22.198169	108.465291	21.540405	防城港
163	121.199237	42.721325	122.828619	41.738633	阜新
164	115.148434	33.332573	116.37926	32.566557	阜阳
165	113.983926	26.486222	116.358898	24.60588	赣州
166	109.985406	26.045275	111.171117	24.493766	桂林
168	123.496773	47.956661	123.52084	47.916891	甘南
169	101.969232	30.055144	101.969232	30.055144	甘孜
170	106.093516	30.791052	107.199573	30.175443	广安
171	105.069664	32.681702	106.317034	31.591457	广元
172	109.42184	23.399424	110.510567	23.05005	贵港
173	100.223722	34.480484	100.223722	34.480484	果洛
174	105.671229	36.552102	106.683259	35.489153	固原
175	110.17338	20.074729	110.694286	19.807492	海口
176	113.654551	36.941237	115.44938	36.103607	邯郸
177	111.6576	27.410806	113.229718	26.218672	衡阳
178	116.672615	34.043667	116.945348	33.778556	淮北
179	119.385376	31.143153	120.474838	30.441116	湖州
180	100.879802	36.960654	100.879802	36.960654	海北
181	102.085206	36.517610	102.085206	36.517610	海东
182	106.925397	39.296209	106.925397	39.296209	海南州
183	97.3426254	37.373799	97.3426254	37.373799	海西
184	91.643035	43.383659	94.277493	42.267146	哈密
185	106.15955	33.710247	108.001082	32.349028	汉中
186	114.15914	36.001544	114.694252	35.610196	鹤壁
187	107.047815	25.081823	108.920372	23.714008	河池
188	130.15262	47.678164	131.959562	47.176849	鹤岗
189	125.129758	50.262288	129.012301	48.219105	黑河
190	115.254044	38.289133	116.291618	37.312169	衡水
191	79.853061	37.184474	79.955017	37.093336	和田
192	114.380803	24.708094	115.505618	23.347674	河源
193	115.080114	35.625292	116.285361	34.618081	菏泽
194	110.814931	24.835238	111.735662	23.996972	贺州
195	102.419666	23.375119	102.431502	23.370043	红河
196	118.306883	34.025567	119.625861	32.790559	淮安
197	109.136027	28.713961	110.929948	26.15447	怀化
198	116.666505	32.751267	117.122033	32.601779	淮南
199	114.576916	31.306548	115.936018	29.820259	黄冈
200	102.007600	35.522851	102.007600	35.522851	黄南
201	117.355729	30.500551	118.797086	29.569244	黄山
202	114.621103	30.254884	115.411699	29.612593	黄石
203	110.919051	41.297959	112.038168	39.754643	呼和浩特
204	119.590049	41.140552	121.012633	40.029868	葫芦岛
205	116.828786	51.264269	124.52313	47.748123	呼伦贝尔
206	112.239032	22.837885	113.21507	21.708388	江门
207	112.963425	35.296938	113.604802	34.941384	焦作
208	120.367481	30.986246	121.210448	30.40918	嘉兴
209	125.701366	44.498056	127.491981	42.903507	吉林
210	111.477889	30.402484	113.585269	29.554093	荆州
211	119.2888	29.632538	120.693067	28.59402	金华
212	115.923924	35.905742	117.572815	34.615251	济宁
213	120.812841	42.033276	122.448545	40.835551	锦州
214	129.67986	48.370022	134.310529	46.242879	佳木斯
215	114.169362	27.764468	115.44568	26.310921	吉安
216	115.832378	23.65842	116.507618	22.96777	揭阳
217	101.960011	38.898665	102.424585	38.188905	金昌
218	112.128498	35.883206	113.409946	35.313817	晋城
219	117.074304	29.754678	117.329782	28.959291	景德镇
220	112.187536	31.515598	113.33206	30.581125	荆门
221	111.707866	37.971065	113.967147	36.821013	晋中
222	114.096181	29.905139	116.563686	29.020994	九江
223	94.265024	41.08172	99.789751	39.294064	酒泉
224	130.491555	46.481848	133.6734	45.098788	鸡西
225	112.531184	35.136715	112.687514	34.930176	济源
226	120.843521	31.514798	121.161221	31.131856	昆山
227	114.013739	34.828561	114.813354	34.302889	开封
228	76.0143427	39.513110	76.0143427	39.513110	喀什
229	84.666459	45.708652	85.164557	44.320785	克拉玛依
230	76.137564	39.750345	76.137564	39.750345	克州
231	113.788724	33.674135	114.124716	33.545404	漯河
232	116.277823	39.964915	117.14873	38.568461	廊坊
233	102.853091	36.749427	104.361861	35.801795	兰州
234	118.568865	35.114404	119.787233	34.019306	连云港
235	110.491978	36.852287	112.327728	35.573889	临汾
237	109.054656	25.862556	109.807626	24.026746	柳州
238	116.106379	25.867758	117.548059	24.584778	龙岩
239	112.355353	34.721412	112.561784	34.306236	洛阳
240	108.668968	24.338173	110.14909	23.406455	来宾
241	117.48097	36.500073	117.857989	36.070284	莱芜
242	91.023027	29.700984	91.162987	29.639193	拉萨
243	103.082529	29.760032	104.088576	28.835291	乐山
244	102.259590	27.892392	102.259590	27.892392	凉山
245	115.315098	36.924145	116.379714	35.925151	聊城
246	122.720403	41.542614	123.625581	40.81729	辽阳
247	124.991145	42.997748	125.698148	42.676127	辽源
248	100.029702	27.743617	101.27645	26.554593	丽江
249	98.828784	24.457006	100.330334	23.157817	临沧
250	103.198939	35.638662	103.268044	35.583393	临夏
251	94.3499854	29.666940	94.3499854	29.666940	林芝
252	118.860273	28.887297	120.395579	27.52384	丽水
253	115.882255	32.357454	117.185556	31.163133	六安
254	104.472805	26.690864	105.471306	25.667103	六盘水
255	104.49534	34.197854	105.836907	32.94512	陇南
256	111.139759	27.967661	112.446744	27.385339	娄底
257	105.25351	29.263667	105.850772	27.823531	泸州
258	110.514886	38.482795	112.202301	36.804826	吕梁
259	118.460933	31.760412	118.841717	31.301619	马鞍山
260	104.327359	32.471674	105.582992	30.754904	绵阳
261	110.404849	22.650336	111.46563	21.449098	茂名
262	103.36699	30.252427	104.169169	29.83681	眉山
263	115.454539	24.883277	116.852553	23.454526	梅州
264	129.001959	45.420996	131.182072	44.041415	牡丹江
268	105.479373	31.587689	106.576193	30.751227	南充
269	117.486883	27.963426	119.091492	26.623964	南平
270	111.082201	33.534292	113.025878	32.836492	南阳
271	92.0670183	31.480679	92.0670183	31.480679	那曲
272	104.632463	29.935173	105.327681	29.268346	内江
273	118.660584	27.512763	120.39923	26.369646	宁德
274	98.8599320	25.860676	98.8599320	25.860676	怒江
275	113.636201	27.889993	114.060617	27.01648	萍乡
276	121.637998	41.335806	122.394743	40.841562	盘锦
277	101.45992	27.024421	102.178648	26.20347	攀枝花
278	112.707621	34.107836	113.44712	33.484873	平顶山
279	105.733489	35.562497	107.746277	35.069503	平凉
280	99.452251	24.460681	101.901174	22.325497	普洱
281	118.49092	25.713915	119.230042	25.053504	莆田
282	114.932507	35.919685	115.871951	35.696678	濮阳
283	118.758721	40.502748	119.847554	39.527855	秦皇岛
284	122.885281	48.662952	126.26617	46.383991	齐齐哈尔
285	117.705987	25.652789	118.958588	24.579734	泉州
286	107.985352	26.583991	107.985352	26.583991	黔东南
287	107.523205	26.264535	107.523205	26.264535	黔南
288	104.900557	25.095148	104.900557	25.095148	黔西南
289	107.194948	36.471629	108.369722	35.401636	庆阳
290	112.042807	25.0414	113.853861	23.468499	清远
291	108.270946	22.600673	109.639257	21.944369	钦州
292	130.538763	45.847627	131.090256	45.7521	七台河
293	103.309031	26.764909	104.343527	24.771366	曲靖
294	118.081845	29.301739	119.259847	28.254359	衢州
295	88.860908	29.285666	88.904913	29.255774	日喀则
296	118.689735	35.82322	119.624361	35.118862	日照
297	120.126982	30.164718	121.202667	29.302511	绍兴
298	111.156999	34.805971	111.886659	34.727524	三门峡
299	116.522414	26.906991	118.443316	25.656836	三明
300	111.310981	30.732757	111.310981	30.732757	三峡
301	109.384501	18.416132	109.769729	18.229483	三亚
302	109.114179	34.097777	110.908147	33.326676	商洛
303	114.962395	34.721797	115.742618	34.220514	商丘
304	116.678804	29.37396	118.400345	28.31067	上饶
305	91.7506438	29.22902	91.7506438	29.22902	山南
306	116.330078	23.578391	117.10817	23.111913	汕头
307	114.964684	23.39007	116.076537	22.684986	汕尾
308	113.006124	25.384272	114.640283	23.954683	韶关
309	109.913295	27.580977	111.961598	26.10807	邵阳
310	109.710841	33.159334	111.527792	32.0434	十堰
311	106.133792	39.322546	106.791506	38.750922	石嘴山
312	131.133711	47.37498	134.034609	46.302415	双鸭山
313	112.160742	40.013313	113.407641	39.286448	朔州
314	123.424795	43.977771	125.415411	43.122629	四平
315	123.203113	45.230689	126.126453	44.18061	松原
316	125.326785	47.119049	127.009898	46.051661	绥化
317	105.184224	30.883586	105.73129	30.34785	遂宁
318	112.883264	32.318207	114.061397	31.451176	随州
319	118.066285	34.349254	119.12896	33.236448	宿迁
320	116.118597	36.335387	117.80316	35.737514	泰安
321	119.730153	33.156712	120.445246	31.97316	泰州
323	82.900243	46.762026	83.032716	46.7286	塔城
324	114.294121	30.596474	114.294121	30.596474	台北
325	104.80236	34.785044	105.965042	34.414857	天水
326	123.535791	43.211334	124.982287	42.052059	铁岭
327	108.930796	35.418257	109.136807	34.865865	铜川
328	125.450606	42.839122	126.229508	41.123239	通化
329	119.655145	45.551211	123.564387	42.651126	通辽
330	117.749008	30.994922	118.13736	30.806438	铜陵
331	109.184491	27.74655	109.211036	27.681007	铜仁
332	89.2660254	42.678924	89.2660254	42.678924	吐鲁番
334	121.228682	37.548982	122.634939	36.808387	威海
335	118.020532	31.467963	118.658458	30.722545	芜湖
337	108.978885	35.640246	110.586744	34.483494	渭南
338	104.246294	23.374086	104.246294	23.374086	文山
340	106.783951	39.819042	106.978462	39.257037	乌海
341	110.683871	42.859342	114.041895	40.274438	乌兰察布
342	102.48918	39.160932	103.150689	36.959074	武威
343	105.733214	38.207323	107.419808	36.838309	吴忠
344	110.61757	24.081424	111.345756	22.687053	梧州
345	112.250092	32.229168	112.250092	32.229168	襄阳
346	101.154484	37.041295	101.908638	36.427815	西宁
347	116.39132	34.920861	118.527394	33.820031	徐州
348	114.186124	22.293585	114.186124	22.293585	香港
349	112.055138	28.06314	113.079828	27.388547	湘潭
350	109.745745	28.31795	109.745745	28.31795	湘西
351	113.601088	30.164733	114.94753	29.244004	咸宁
352	107.783017	35.339187	109.169283	34.240444	咸阳
353	113.355116	31.694371	114.509552	30.506074	孝感
354	116.118500	44.489760	116.118500	44.489760	锡林郭勒
355	110.515267	25.735236	110.759239	25.604413	兴安
356	113.845895	37.788012	115.693832	36.795673	邢台
357	113.6313	35.468564	114.714707	34.961517	新乡
358	114.041498	32.476426	115.444134	31.615053	信阳
359	114.670674	27.862628	115.008138	27.795829	新余
360	111.042342	39.606756	113.94813	38.313054	忻州
361	100.803038	22.009433	100.803038	22.009433	西双版纳
362	118.141853	31.299182	119.607061	30.022229	宣城
363	113.487719	34.196548	114.241037	33.816124	许昌
364	119.532587	34.386114	120.782237	32.639618	盐城
366	110.677496	31.360811	111.991811	30.174842	宜昌
367	105.962118	38.752863	106.712207	37.833747	银川
368	112.447723	29.814775	114.055033	28.540256	岳阳
369	109.759294	22.870098	110.568842	21.889857	玉林
370	110.428488	35.68087	111.904114	34.699216	运城
371	102.358897	30.390351	103.123058	29.230128	雅安
372	108.180197	36.939924	110.255102	35.572068	延安
373	129.485901	42.896413	129.485901	42.896413	延边
374	111.393156	22.556373	112.284206	21.540859	阳江
375	113.325047	38.449204	113.926148	37.703737	阳泉
376	103.850843	28.970573	105.247634	28.162292	宜宾
377	114.345133	28.868984	115.816457	27.775711	宜春
378	81.297853	43.922248	81.297853	43.922248	伊犁
379	122.05864	40.883895	122.819729	40.062249	营口
380	116.821773	28.295254	117.224177	28.125256	鹰潭
381	110.846164	29.379798	112.681153	28.049799	益阳
382	111.089474	26.689088	112.288741	24.742565	永州
383	111.198319	23.251443	112.381051	22.531947	云浮
384	97.013316	33.006239	97.013316	33.006239	玉树
385	101.535605	24.826719	103.003636	23.425647	玉溪
386	113.980991	41.877278	115.915318	39.832321	张家口
387	118.996672	32.266112	119.916536	31.638713	镇江
388	113.194664	22.754159	113.553756	22.266317	中山
389	113.124999	22.414942	113.655763	21.95306	珠海
390	117.700618	37.251433	118.352198	36.030357	淄博
391	116.959594	35.280733	117.742916	34.566211	枣庄
392	109.95494	29.656033	111.327236	29.018041	张家界
393	99.617181	39.384548	101.102922	38.436685	张掖
394	117.023354	25.012515	118.04381	23.635173	漳州
395	109.764457	21.775138	110.870228	20.277858	湛江
396	111.499395	24.194567	112.836109	22.865786	肇庆
397	103.55089	28.642248	105.071834	27.195521	昭通
398	105.100006	37.625039	106.079058	36.526157	中卫
399	114.26835	34.123004	115.338497	33.165832	周口
400	121.854496	30.188477	122.402821	29.905483	舟山
401	113.993642	33.395201	114.663204	32.597521	驻马店
402	112.991564	27.990965	113.886381	26.135781	株洲
403	104.334327	29.464551	105.139548	29.012979	自贡
404	104.369954	30.441871	105.562717	30.002715	资阳
405	105.700452	28.890578	107.907724	27.221224	遵义
826	120.383414	31.211796	120.879281	30.808477	吴江
865	121.017517	31.704502	121.299977	31.392234	太仓
866	120.579291	31.760589	121.04586	31.532189	常熟
867	120.400881	32.005577	120.770912	31.730527	张家港
3923	119.987926	29.0506	120.243947	28.801595	永康
3930	115.813716	28.274784	117.088553	26.773239	抚州
3931	107.540348	39.157757	111.085228	37.092235	榆林
